10239
1365
4794
4664
8585
5754
11018
8083
907
871
201
834
842
822
818
715
576
855
765
692
897
744
11149
2168
550
8397
5127
1893
3132
2108
10245
2017
13334
3230
2058
2164
10972
2063
1896
3291
1734
3074
1897
3875
6199
8065
207
1860
1658
10231
11014
1863
10269
10151
9079
9061
6450
6703
6312
2328
1662
1692
6547
10249
10235
13336
3285
15206
5864
2335
6658
10233
8356
4372
7987
2385
3979
8086
11005
11204
2325
6778
8056
12021
1616
1619
6726
3257
6709
11023
8213
4326
6749
10131
4113
5249
2015
12029
10368
4147
7985
1015
1373
7768
1438
10266
3290
1926
9125
4915
1721
10450
5280
15247
6617
984
5219
1851
5198
4001
3311
4475
1073
10262
10275
8526
5246
4933
2051
3297
6558
6758
11094
1009
10382
5304
6179
11961
6136
10132
3288
15336
10719
15341
6130
6131
6613
15177
10271
5322
8435
4030
4377
7883
6524
15352
10360
6419
15347
3197
3067
6903
10289
5174
8403
5442
11251
10137
10288
1745
1945
1418
10291
7963
11247
13351
4081
5444
10419
5066
3984
10306
10814
10145
8004
953
8150
5317
3938
5231
10294
4084
6392
5781
10179
4313
3035
3959
8076
7974
5051
958
962
11263
4099
6188
11327
3201
8426
6729
10304
10811
5778
7764
6216
5759
8071
8055
1416
7896
8178
3988
6224
15179
257
263
8102
5397
5755
968
6156
5409
5288
4487
3301
5428
10195
4050
3281
4497
7939
8059
10326
5284
1065
3206
5399
10315
6128
4033
13498
3278
15343
4990
8442
1011
11476
11482
15292
10334
13298
7997
6234
7
10350
1622
8219
15208
1104
11451
15211
5335
1053
4298
6436
6185
5193
8460
242
6207
6204
1750
10446
5337
15216
15219
11531
15294
15222
10831
15233
15275
6919
921
5215
18
1369
15281
5855
5858
4575
9296
10339
15287
9
304
3215
1379
11472
10346
2391
6034
15266
6159
5041
6930
15362
5292
6715
4978
4314
5188
4197
2309
2308
5261
1571
7847
11571
4923
5123
3109
11508
10718
6908
4493
59
72
10357
10596
1118
2153
1028
4077
10432
11579
13362
5766
5387
5769
11599
1001
4966
1020
1034
3767
5378
4530
3943
3869
6254
4115
3097
1386
5194
1857
11612
1752
15234
1391
3248
3235
10365
978
15326
15358
4441
10376
10449
4653
8063
6738
10393
5859
6239
1633
3268
1665
1668
8229
5328
5330
1671
3269
3272
1699
97
11687
15332
563
7854
7853
11857
1763
8233
1675
1764
6639
1703
10391
6154
11690
8353
3963
5234
10199
3049
3134
4321
15253
8275
4109
6712
10715
5039
4518
1705
10410
1678
5299
3660
1371
11878
5212
3027
4190
1575
1412
2104
1731
1876
5366
6740
11870
4362
6602
1879
2969
1351
1882
6150
2075
5303
1919
7934
20
10593
1779
8409
1775
1712
15237
1776
1914
10193
9107
4104
4107
303
15249
4472
11879
1382
1710
2394
4043
2057
10223
4383
8051
6721
6756
1680
15323
8358
5392
3559
4652
1736
13330
3052
649
11940
8454
4466
8115
1785
1682
1781
5017
7851
7957
11934
4675
8002
6533
3036
3961
2116
1869
5254
1871
1685
1070
8047
3934
15373
6691
7980
3141
1719
153
150
3921
145
6222
10257
10601
11914
2141
5357
8117
4040
7777
5013
15306
988
7829
9510
9507
1359
10711
4458
9083
1348
15289
3178
993
6169
3175
4176
4665
8199
13496
2119
4248
8122
3973
10159
2332
3685
5020
4293
6759
4079
3083
2124
7988
6694
1040
10442
1108
6763
5033
11188
15328
12120
4013
4118
10163
5339
6332
8608
10539
3100
10167
6295
7890
3273
7869
4155
4058
3292
3669
3946
13283
6606
15370
4010
4479
10404
9027
3967
8186
10187
3181
8126
13287
14394
2011
2390
5446
4204
10459
10171
8131
7880
2276
5412
6631
15239
8138
10455
5239
6926
5348
4747
8134
7947
10931
5394
10461
4145
1398
13301
1581
3758
8204
3190
7978
10724
8206
5090
11216
4658
5296
8462
1078
5010
3089
10465
13305
8348
2277
4267
2139
7995
7967
7892
10730
7970
3213
5402
9074
6579
610
5267
8452
6635
4221
5319
3025
5044
4875
9082
2111
1000
9091
6772
5164
8144
9069
9067
5957
5959
9887
5314
8068
8093
3968
5031
3631
8586
10217
4968
13368
15322
5076
4003
10728
7789
6028
10203
4169
